E	i
1.93392041325569	0.0407909629866481
1.93889704719186	0.0407909629866481
1.93392041325569	0.0358164198696613
1.93889704719186	0.0457655061036348
1.93392041325569	0.0457655061036348
1.93889704719186	0.0159182474017143
1.93392041325569	0.0258673336356878
1.93889704719186	0.0159182474017143
1.93392041325569	0.0258673336356878
1.93889704719186	0.0606891354545951
1.93392041325569	0.0557145923376083
1.93889704719186	0.0606891354545951
1.93392041325569	0.0258673336356878
1.93889704719186	0.0656636785715818
1.93392041325569	0.0656636785715818
1.93889704719186	0.0557145923376083
1.93392041325569	0.0457655061036348
1.93889704719186	0.0606891354545951
1.93392041325569	0.0706382216885686
1.93889704719186	0.0557145923376083
1.93392041325569	0.0557145923376083
1.93889704719186	0.0756127648055553
1.93392041325569	0.0756127648055553
1.93889704719186	0.105460023507476
1.94387368112803	0.135307282209396
1.94885031506419	0.249721773900092
1.95382694900036	0.294492661952972
1.95880358293653	0.403932610526681
1.96378021687269	0.453678041696548
1.95880358293653	0.508398015983403
1.96378021687269	0.503423472866416
1.97373348474503	0.57306707650423
1.96875685080886	0.617837964557111
1.97373348474503	0.657634309493005
1.97871011868119	0.717328826896846
1.98368675261736	0.74220154248178
1.97871011868119	0.747176085598767
1.98368675261736	0.75712517183274
1.98866338655353	0.851641491055489
1.98368675261736	0.846666947938502
1.98866338655353	0.871539663523436
1.99364002048969	0.916310551576316
1.98866338655353	0.961081439629197
1.99364002048969	0.990928698331118
1.99861665442586	1.035699586384
2.00856992229819	1.12524136248976
2.00359328836203	1.13021590560675
2.00856992229819	1.14513953495771
2.00359328836203	1.14513953495771
2.00856992229819	1.15508862119168
2.01354655623436	1.17498679365963
2.01852319017053	1.20483405236155
2.02349982410669	1.27945219911635
2.02847645804286	1.31924854405224
2.02349982410669	1.33914671652019
2.02847645804286	1.36899397522211
2.03345309197903	1.39884123392403
2.02847645804286	1.41873940639198
2.03345309197903	1.42868849262595
2.03842972591519	1.5232048118487
2.04340635985136	1.53812844119966
2.04838299378753	1.60777204483747
2.05335962772369	1.63264476042241
2.05833626165986	1.65751747600734
2.05335962772369	1.65751747600734
2.05833626165986	1.65751747600734
2.06331289559603	1.7122374502942
2.06828952953219	1.76198288146406
2.06331289559603	1.76198288146406
2.06828952953219	1.77193196769804
2.07326616346836	1.79680468328297
2.07824279740453	1.82665194198489
2.07326616346836	1.83162648510188
2.07824279740453	1.85649920068681
2.08321943134069	1.89629554562271
2.07824279740453	1.90624463185668
2.08321943134069	1.90624463185668
2.07824279740453	1.9360918905586
2.08321943134069	1.94604097679257
2.08819606527686	1.94604097679257
2.09317269921303	1.96096460614353
2.08819606527686	1.97091369237751
2.09317269921303	1.97588823549449
2.09814933314919	2.02563366666436
2.09317269921303	2.05548092536628
2.10312596708536	2.06543001160026
2.09814933314919	2.09030272718519
2.10312596708536	2.07537909783423
2.10810260102153	2.08035364095122
2.1130792349577	2.0853281840682
2.11805586889386	2.0853281840682
2.1130792349577	2.07537909783423
2.11805586889386	2.0853281840682
2.12303250283003	2.07040455471724
2.1280091367662	2.07040455471724
2.13298577070236	2.07537909783423
2.13796240463853	2.08035364095122
2.1429390385747	2.09527727030218
2.13796240463853	2.10025181341916
2.1429390385747	2.14004815835506
2.13796240463853	2.13507361523807
2.1429390385747	2.14999724458903
2.13796240463853	2.13507361523807
2.1429390385747	2.11517544277012
2.14791567251086	2.10522635653615
2.15289230644703	2.13507361523807
2.14791567251086	2.12014998588711
2.15289230644703	2.13009907212108
2.1578689403832	2.13507361523807
2.16284557431936	2.12014998588711
2.16782220825553	2.10522635653615
2.16284557431936	2.10025181341916
2.16782220825553	2.10522635653615
2.16284557431936	2.09527727030218
2.16782220825553	2.11020089965314
2.1727988421917	2.0853281840682
2.17777547612786	2.13009907212108
2.1727988421917	2.1251245290041
2.17777547612786	2.159946330823
2.18275211006403	2.19476813264191
2.17777547612786	2.17486996017396
2.18275211006403	2.18481904640794
2.1877287440002	2.17486996017396
2.19270537793636	2.18481904640794
2.1877287440002	2.16989541705698
2.19270537793636	2.159946330823
2.19768201187253	2.19476813264191
2.19270537793636	2.18979358952492
2.19768201187253	2.18979358952492
2.2026586458087	2.18481904640794
2.19768201187253	2.15497178770602
2.2026586458087	2.1251245290041
2.19768201187253	2.09527727030218
2.2026586458087	2.04553183913231
2.20763527974486	2.05548092536628
2.2026586458087	2.06045546848327
2.20763527974486	2.06543001160026
2.21261191368103	2.05548092536628
2.2175885476172	2.08035364095122
2.22256518155336	2.07537909783423
2.2175885476172	2.08035364095122
2.22256518155336	2.06543001160026
2.22754181548953	2.09030272718519
2.2325184494257	2.11020089965314
2.23749508336186	2.1251245290041
2.2325184494257	2.10522635653615
2.23749508336186	2.1251245290041
2.24247171729803	2.10025181341916
2.2474483512342	2.14004815835506
2.25242498517036	2.16989541705698
2.25740161910653	2.16989541705698
2.25242498517036	2.14502270147204
2.25740161910653	2.14999724458903
2.2623782530427	2.13009907212108
2.26735488697886	2.12014998588711
2.27233152091503	2.16492087393999
2.2773081548512	2.18481904640794
2.27233152091503	2.20969176199287
2.2773081548512	2.22461539134383
2.28228478878736	2.23456447757781
2.28726142272353	2.23953902069479
2.28228478878736	2.21964084822685
2.28726142272353	2.19476813264191
2.2922380566597	2.17486996017396
2.29721469059587	2.15497178770602
2.2922380566597	2.11517544277012
2.29721469059587	2.12014998588711
2.30219132453203	2.11020089965314
2.3071679584682	2.10025181341916
2.30219132453203	2.06543001160026
2.3071679584682	2.08035364095122
2.31214459240437	2.08035364095122
2.31712122634053	2.13009907212108
2.31214459240437	2.11517544277012
2.31712122634053	2.1251245290041
2.3220978602767	2.14004815835506
2.32707449421287	2.06543001160026
2.3220978602767	2.07537909783423
2.32707449421287	2.03060820978135
2.3220978602767	2.0505063822493
2.32707449421287	2.04055729601532
2.33205112814903	2.03060820978135
2.32707449421287	2.05548092536628
2.33205112814903	2.04553183913231
2.32707449421287	2.05548092536628
2.33205112814903	2.0505063822493
2.3370277620852	2.04553183913231
2.34200439602137	2.0853281840682
2.34698102995753	2.0853281840682
2.3519576638937	2.10522635653615
2.35693429782987	2.10522635653615
2.36191093176603	2.08035364095122
2.3668875657022	2.09527727030218
2.37186419963837	2.13507361523807
2.37684083357453	2.14502270147204
2.3818174675107	2.13507361523807
2.38679410144687	2.14999724458903
2.39177073538303	2.1251245290041
2.3967473693192	2.13507361523807
2.40172400325537	2.13507361523807
2.3967473693192	2.14502270147204
2.40172400325537	2.13009907212108
2.40670063719153	2.14999724458903
2.41665390506387	2.14999724458903
2.4116772711277	2.13009907212108
2.41665390506387	2.0853281840682
2.42163053900003	2.09030272718519
2.41665390506387	2.06543001160026
2.42163053900003	2.0853281840682
2.4266071729362	2.11020089965314
2.43158380687237	2.1251245290041
2.43656044080853	2.15497178770602
2.43158380687237	2.16989541705698
2.43656044080853	2.14004815835506
2.4415370747447	2.10522635653615
2.43656044080853	2.10522635653615
2.4415370747447	2.11517544277012
2.44651370868087	2.09527727030218
2.45149034261703	2.10522635653615
2.44651370868087	2.11517544277012
2.45149034261703	2.0853281840682
2.4564669765532	2.13507361523807
2.46144361048937	2.17486996017396
2.4564669765532	2.16989541705698
2.46144361048937	2.14004815835506
2.46642024442554	2.14502270147204
2.4713968783617	2.1251245290041
2.47637351229787	2.11020089965314
2.4713968783617	2.10522635653615
2.47637351229787	2.14502270147204
2.4713968783617	2.17486996017396
2.47637351229787	2.17984450329095
2.4713968783617	2.18979358952492
2.47637351229787	2.17984450329095
2.4713968783617	2.17486996017396
2.47637351229787	2.159946330823
2.4713968783617	2.14999724458903
2.46642024442554	2.13507361523807
2.4713968783617	2.159946330823
2.47637351229787	2.18481904640794
2.4713968783617	2.16492087393999
2.47637351229787	2.159946330823
2.4713968783617	2.14999724458903
2.47637351229787	2.14502270147204
2.4713968783617	2.13507361523807
2.47637351229787	2.13507361523807
2.4713968783617	2.14502270147204
2.46642024442554	2.09527727030218
2.4713968783617	2.10522635653615
2.47637351229787	2.07537909783423
2.46642024442554	2.05548092536628
2.4713968783617	2.06045546848327
2.46642024442554	2.07040455471724
2.4713968783617	2.07537909783423
2.47637351229787	2.11020089965314
2.46642024442554	2.10522635653615
2.4713968783617	2.13507361523807
2.47637351229787	2.16492087393999
2.4713968783617	2.159946330823
2.46642024442554	2.1251245290041
2.4713968783617	2.13507361523807
2.47637351229787	2.06045546848327
2.4713968783617	2.06045546848327
2.46642024442554	2.0107100373134
2.4713968783617	2.04553183913231
2.47637351229787	2.07537909783423
2.4713968783617	2.08035364095122
2.47637351229787	2.07040455471724
2.4713968783617	2.08035364095122
2.47637351229787	2.07537909783423
2.4713968783617	2.09030272718519
2.47637351229787	2.09527727030218
2.4713968783617	2.1251245290041
2.47637351229787	2.1251245290041
2.4713968783617	2.14502270147204
2.47637351229787	2.09527727030218
2.4713968783617	2.10522635653615
2.47637351229787	2.04055729601532
2.4713968783617	2.07537909783423
2.47637351229787	2.05548092536628
2.4713968783617	2.04055729601532
2.47637351229787	2.03558275289834
2.4713968783617	2.0505063822493
2.46642024442554	2.08035364095122
2.4713968783617	2.07537909783423
2.47637351229787	2.159946330823
2.4713968783617	2.14004815835506
2.47637351229787	2.16492087393999
2.4713968783617	2.16989541705698
2.46642024442554	2.11020089965314
2.4713968783617	2.14004815835506
2.47637351229787	2.1251245290041
2.4713968783617	2.12014998588711
2.47637351229787	2.14999724458903
2.48135014623404	2.14004815835506
2.47637351229787	2.15497178770602
2.48135014623404	2.13507361523807
2.4863267801702	2.14502270147204
2.48135014623404	2.14502270147204
2.4863267801702	2.1251245290041
2.49130341410637	2.1251245290041
2.49628004804254	2.1251245290041
2.49130341410637	2.13507361523807
2.49628004804254	2.14502270147204
2.5012566819787	2.14502270147204
2.49628004804254	2.15497178770602
2.5012566819787	2.14502270147204
2.50623331591487	2.159946330823
2.5012566819787	2.16989541705698
2.50623331591487	2.159946330823
2.51120994985104	2.159946330823
2.5161865837872	2.15497178770602
2.51120994985104	2.16492087393999
2.5161865837872	2.14502270147204
2.52116321772337	2.13009907212108
2.5161865837872	2.1251245290041
2.52116321772337	2.12014998588711
2.52613985165954	2.11517544277012
2.52116321772337	2.0853281840682
2.52613985165954	2.11517544277012
2.5311164855957	2.1251245290041
2.53609311953187	2.10522635653615
2.5311164855957	2.11517544277012
2.53609311953187	2.12014998588711
2.54106975346804	2.16492087393999
2.53609311953187	2.18481904640794
2.54106975346804	2.16989541705698
2.53609311953187	2.16492087393999
2.54106975346804	2.14004815835506
2.5460463874042	2.14999724458903
2.54106975346804	2.15497178770602
2.5460463874042	2.14999724458903
2.54106975346804	2.16492087393999
2.5460463874042	2.14502270147204
2.55102302134037	2.11020089965314
2.54106975346804	2.11517544277012
2.55102302134037	2.1251245290041
2.5460463874042	2.14004815835506
2.55102302134037	2.159946330823
2.5460463874042	2.16989541705698
2.55102302134037	2.16492087393999
2.5460463874042	2.16492087393999
2.55102302134037	2.17486996017396
2.55599965527654	2.17486996017396
2.55102302134037	2.17486996017396
2.55599965527654	2.17486996017396
2.55102302134037	2.19476813264191
2.55599965527654	2.16989541705698
2.55102302134037	2.17486996017396
2.55599965527654	2.16989541705698
2.5609762892127	2.14999724458903
2.55599965527654	2.11517544277012
2.5609762892127	2.09527727030218
2.56595292314887	2.11020089965314
2.5609762892127	2.0853281840682
2.56595292314887	2.07537909783423
2.57092955708504	2.10025181341916
2.56595292314887	2.12014998588711
2.57092955708504	2.14004815835506
2.56595292314887	2.14502270147204
2.57092955708504	2.15497178770602
2.5759061910212	2.15497178770602
2.57092955708504	2.16492087393999
2.5759061910212	2.16492087393999
2.57092955708504	2.14999724458903
2.58088282495737	2.15497178770602
2.58585945889354	2.14004815835506
2.58088282495737	2.14502270147204
2.58585945889354	2.14502270147204
2.5908360928297	2.17486996017396
2.58585945889354	2.16989541705698
2.5908360928297	2.159946330823
2.58585945889354	2.159946330823
2.5908360928297	2.14004815835506
2.59581272676587	2.12014998588711
2.5908360928297	2.15497178770602
2.59581272676587	2.16492087393999
2.60078936070204	2.12014998588711
2.59581272676587	2.12014998588711
2.60078936070204	2.10522635653615
2.6057659946382	2.17984450329095
2.60078936070204	2.19476813264191
2.6057659946382	2.20471721887589
2.60078936070204	2.20969176199287
2.6057659946382	2.1997426757589
2.61074262857437	2.16492087393999
2.61571926251054	2.13507361523807
2.61074262857437	2.14004815835506
2.61571926251054	2.13507361523807
2.6206958964467	2.15497178770602
2.62567253038287	2.15497178770602
2.6206958964467	2.15497178770602
2.62567253038287	2.13507361523807
2.63064916431904	2.14004815835506
2.62567253038287	2.14004815835506
2.63064916431904	2.159946330823
2.62567253038287	2.15497178770602
2.63064916431904	2.17984450329095
2.62567253038287	2.18481904640794
2.63562579825521	2.14999724458903
2.63064916431904	2.159946330823
2.63562579825521	2.17486996017396
2.64060243219137	2.22461539134383
2.64557906612754	2.22461539134383
2.64060243219137	2.18979358952492
2.64557906612754	2.17984450329095
2.65055570006371	2.16989541705698
2.65553233399987	2.14502270147204
2.65055570006371	2.1251245290041
2.65553233399987	2.13009907212108
2.65055570006371	2.13507361523807
2.65553233399987	2.1251245290041
2.66050896793604	2.18979358952492
2.65553233399987	2.20969176199287
2.66050896793604	2.20471721887589
2.66548560187221	2.17984450329095
2.67046223580837	2.17486996017396
2.67543886974454	2.19476813264191
2.68041550368071	2.18979358952492
2.67543886974454	2.17984450329095
2.68041550368071	2.18481904640794
2.68539213761687	2.17486996017396
2.69036877155304	2.18481904640794
2.68539213761687	2.14999724458903
2.69036877155304	2.13009907212108
2.69534540548921	2.14004815835506
2.70032203942537	2.11517544277012
2.70529867336154	2.11517544277012
2.71027530729771	2.14999724458903
2.71525194123387	2.14502270147204
2.71027530729771	2.16492087393999
2.71525194123387	2.13009907212108
2.72022857517004	2.13009907212108
2.71525194123387	2.13507361523807
2.72022857517004	2.13507361523807
2.72520520910621	2.14004815835506
2.73018184304237	2.11020089965314
2.73515847697854	2.10522635653615
2.74013511091471	2.10522635653615
2.74511174485087	2.1251245290041
2.75008837878704	2.14004815835506
2.75506501272321	2.15497178770602
2.76004164665937	2.17486996017396
2.76501828059554	2.15497178770602
2.76004164665937	2.159946330823
2.76501828059554	2.16492087393999
2.76004164665937	2.15497178770602
2.76501828059554	2.14004815835506
2.76004164665937	2.159946330823
2.76501828059554	2.14502270147204
2.76999491453171	2.13009907212108
2.76004164665937	2.11020089965314
2.76501828059554	2.14004815835506
2.76004164665937	2.14004815835506
2.76501828059554	2.14502270147204
2.76004164665937	2.16492087393999
2.76501828059554	2.16492087393999
2.76999491453171	2.18481904640794
2.77497154846787	2.17486996017396
2.76999491453171	2.19476813264191
2.77497154846787	2.17486996017396
2.77994818240404	2.159946330823
2.77497154846787	2.14502270147204
2.77994818240404	2.14004815835506
2.77497154846787	2.159946330823
2.77994818240404	2.159946330823
2.78492481634021	2.13507361523807
2.78990145027637	2.14502270147204
2.78492481634021	2.14004815835506
2.78990145027637	2.16492087393999
2.78492481634021	2.15497178770602
2.78990145027637	2.17984450329095
2.79487808421254	2.19476813264191
2.78990145027637	2.20969176199287
2.79487808421254	2.22958993446082
2.78990145027637	2.21964084822685
2.79487808421254	2.21466630510986
2.79985471814871	2.18481904640794
2.80483135208488	2.18481904640794
2.80980798602104	2.1997426757589
2.81478461995721	2.20969176199287
2.81976125389338	2.1997426757589
2.82473788782954	2.22958993446082
2.82971452176571	2.22958993446082
2.83469115570188	2.21964084822685
2.83966778963804	2.17486996017396
2.84464442357421	2.16989541705698
2.84962105751038	2.16989541705698
2.84464442357421	2.16492087393999
2.84962105751038	2.16492087393999
2.85459769144654	2.16492087393999
2.85957432538271	2.1997426757589
2.85459769144654	2.21466630510986
2.85957432538271	2.20471721887589
2.86455095931888	2.23953902069479
2.85957432538271	2.22461539134383
2.86455095931888	2.24451356381178
2.86952759325504	2.23953902069479
2.86455095931888	2.21466630510986
2.86952759325504	2.22958993446082
2.87450422719121	2.21964084822685
2.86952759325504	2.22461539134383
2.87450422719121	2.23456447757781
2.87948086112738	2.23953902069479
2.88445749506354	2.22461539134383
2.87948086112738	2.22958993446082
2.88445749506354	2.22958993446082
2.87948086112738	2.24451356381178
2.88445749506354	2.22461539134383
2.87948086112738	2.22461539134383
2.88445749506354	2.23456447757781
2.88943412899971	2.23456447757781
2.88445749506354	2.22461539134383
2.89441076293588	2.20471721887589
2.88943412899971	2.19476813264191
2.88445749506354	2.20471721887589
2.88943412899971	2.18979358952492
2.89441076293588	2.1997426757589
2.88943412899971	2.21466630510986
2.89441076293588	2.21466630510986
2.89938739687204	2.22958993446082
2.89441076293588	2.23456447757781
2.89938739687204	2.22461539134383
2.90436403080821	2.23456447757781
2.90934066474438	2.22958993446082
2.90436403080821	2.23953902069479
2.90934066474438	2.23953902069479
2.91431729868054	2.26441173627973
2.91929393261671	2.26938627939671
2.91431729868054	2.25943719316274
2.91929393261671	2.26938627939671
2.92427056655288	2.27933536563069
2.91929393261671	2.26441173627973
2.92427056655288	2.2743608225137
2.91929393261671	2.25446265004575
2.92427056655288	2.26441173627973
2.92924720048904	2.25943719316274
2.92427056655288	2.26441173627973
2.91929393261671	2.26938627939671
2.92427056655288	2.2743608225137
2.92924720048904	2.28928445186466
2.93422383442521	2.29425899498165
2.92924720048904	2.29425899498165
2.93422383442521	2.29425899498165
2.92924720048904	2.28928445186466
2.93422383442521	2.30918262433261
2.93920046836138	2.31415716744959
2.93422383442521	2.29923353809863
2.93920046836138	2.30420808121562
2.94417710229754	2.32410625368357
2.93920046836138	2.32908079680055
2.94417710229754	2.31913171056658
2.93920046836138	2.33405533991754
2.94417710229754	2.32410625368357
2.94915373623371	2.34400442615151
2.95413037016988	2.34400442615151
2.94915373623371	2.33902988303453
2.95413037016988	2.36887714173645
2.95910700410604	2.36887714173645
2.96408363804221	2.37882622797042
2.95910700410604	2.35892805550247
2.96408363804221	2.37882622797042
2.95910700410604	2.37385168485343
2.96408363804221	2.36390259861946
2.96906027197838	2.38877531420439
2.97403690591455	2.39374985732138
2.96906027197838	2.38877531420439
2.97403690591455	2.38877531420439
2.96906027197838	2.38380077108741
2.97403690591455	2.38877531420439
2.97901353985071	2.39374985732138
2.97403690591455	2.38380077108741
2.97901353985071	2.40369894355536
2.97403690591455	2.38877531420439
2.97901353985071	2.41862257290632
2.97403690591455	2.40867348667234
2.97901353985071	2.41364802978933
2.97403690591455	2.39872440043837
2.97901353985071	2.40867348667234
2.97403690591455	2.40867348667234
2.97901353985071	2.39374985732138
2.97403690591455	2.41862257290632
2.97901353985071	2.40369894355536
2.97403690591455	2.40867348667234
2.96906027197838	2.37882622797042
2.97403690591455	2.37882622797042
2.97901353985071	2.39872440043837
2.98399017378688	2.41364802978933
2.98896680772305	2.42857165914029
2.98399017378688	2.41862257290632
2.98896680772305	2.43852074537426
2.98399017378688	2.42857165914029
2.98896680772305	2.42857165914029
2.98399017378688	2.43852074537426
2.98896680772305	2.44349528849125
2.99394344165921	2.45841891784221
2.99892007559538	2.47831709031016
2.99394344165921	2.47334254719317
2.99892007559538	2.46836800407618
3.00389670953155	2.47831709031016
3.00887334346771	2.51313889212906
3.01384997740388	2.51811343524605
3.00887334346771	2.52308797836304
3.01384997740388	2.50816434901208
3.00887334346771	2.52806252148002
3.01384997740388	2.51313889212906
3.00887334346771	2.52806252148002
3.01384997740388	2.53303706459701
3.00887334346771	2.52308797836304
3.01384997740388	2.538011607714
3.00887334346771	2.50816434901208
3.01384997740388	2.53303706459701
3.00887334346771	2.52806252148002
3.01384997740388	2.52308797836304
3.01882661134005	2.52806252148002
3.01384997740388	2.54796069394797
3.01882661134005	2.54796069394797
3.01384997740388	2.55293523706496
3.01882661134005	2.55293523706496
3.01384997740388	2.55790978018194
3.01882661134005	2.53303706459701
3.02380324527621	2.5728334095329
3.01882661134005	2.56288432329893
3.02380324527621	2.55790978018194
3.02877987921238	2.5728334095329
3.02380324527621	2.59770612511784
3.02877987921238	2.59273158200085
3.02380324527621	2.58278249576688
3.02877987921238	2.59273158200085
3.03375651314855	2.58775703888386
3.02877987921238	2.60268066823483
3.03375651314855	2.60765521135181
3.02877987921238	2.59273158200085
3.03375651314855	2.6126297544688
3.03873314708471	2.62257884070277
3.03375651314855	2.6126297544688
3.03873314708471	2.62755338381976
3.04370978102088	2.63750247005373
3.04868641495705	2.64247701317072
3.04370978102088	2.64745155628771
3.04868641495705	2.65740064252168
3.04370978102088	2.66237518563867
3.04868641495705	2.66734972875565
3.05366304889321	2.66734972875565
3.04868641495705	2.66237518563867
3.04370978102088	2.64247701317072
3.04868641495705	2.64247701317072
3.05366304889321	2.66237518563867
3.05863968282938	2.66734972875565
3.05366304889321	2.68227335810661
3.05863968282938	2.68227335810661
3.06361631676555	2.70217153057456
3.06859295070171	2.70714607369155
3.06361631676555	2.71709515992552
3.06859295070171	2.69719698745757
3.06361631676555	2.70714607369155
3.06859295070171	2.71212061680853
3.07356958463788	2.70714607369155
3.06859295070171	2.70714607369155
3.07356958463788	2.71709515992552
3.07854621857405	2.70714607369155
3.07356958463788	2.71709515992552
3.07854621857405	2.73201878927648
3.07356958463788	2.72704424615949
3.07854621857405	2.73699333239347
3.08352285251021	2.76684059109539
3.08849948644638	2.77678967732936
3.09347612038255	2.80663693603128
3.08849948644638	2.79171330668032
3.09347612038255	2.79668784979731
3.08849948644638	2.78673876356333
3.09347612038255	2.78673876356333
3.09845275431871	2.79171330668032
3.09347612038255	2.76684059109539
3.09845275431871	2.76684059109539
3.09347612038255	2.75689150486141
3.09845275431871	2.77181513421237
3.09347612038255	2.79171330668032
3.09845275431871	2.78673876356333
3.09347612038255	2.81658602226526
3.09845275431871	2.8016623929143
3.10342938825488	2.82156056538224
3.09845275431871	2.82653510849923
3.10342938825488	2.82653510849923
3.09845275431871	2.82156056538224
3.10342938825488	2.82653510849923
3.10840602219105	2.81658602226526
3.10342938825488	2.82653510849923
3.10840602219105	2.8016623929143
3.10342938825488	2.78673876356333
3.10840602219105	2.81161147914827
3.10342938825488	2.81161147914827
3.10840602219105	2.80663693603128
3.11338265612721	2.81658602226526
3.10840602219105	2.82156056538224
3.11338265612721	2.82653510849923
3.11835929006338	2.84643328096718
3.11338265612721	2.84145873785019
3.11835929006338	2.85638236720115
3.12333592399955	2.84643328096718
3.11835929006338	2.8364841947332
3.12333592399955	2.82156056538224
3.11835929006338	2.83150965161622
3.12333592399955	2.81161147914827
3.12831255793571	2.82653510849923
3.12333592399955	2.81161147914827
3.12831255793571	2.81658602226526
3.12333592399955	2.79171330668032
3.12831255793571	2.8016623929143
3.12333592399955	2.81658602226526
3.12831255793571	2.82156056538224
3.13328919187188	2.83150965161622
3.12831255793571	2.82653510849923
3.13328919187188	2.81658602226526
3.13826582580805	2.84643328096718
3.13328919187188	2.84643328096718
3.13826582580805	2.86633145343512
3.13328919187188	2.84145873785019
3.13826582580805	2.85140782408416
3.13328919187188	2.82156056538224
3.13826582580805	2.82156056538224
3.13328919187188	2.8016623929143
3.13826582580805	2.81161147914827
3.14324245974422	2.8016623929143
3.13826582580805	2.81161147914827
3.14324245974422	2.85140782408416
3.13826582580805	2.84643328096718
3.14324245974422	2.86633145343512
3.13826582580805	2.85638236720115
3.14324245974422	2.89120416902006
3.14821909368038	2.90612779837102
3.14324245974422	2.911102341488
3.14821909368038	2.90115325525403
3.15319572761655	2.92105142772198
3.14821909368038	2.90612779837102
3.15319572761655	2.93100051395595
3.15817236155272	2.911102341488
3.15319572761655	2.90115325525403
3.15817236155272	2.90115325525403
3.16314899548888	2.89617871213704
3.15817236155272	2.8762805396691
3.16314899548888	2.86633145343512
3.16812562942505	2.87130599655211
3.16314899548888	2.85638236720115
3.16812562942505	2.84643328096718
3.17310226336122	2.85638236720115
3.16812562942505	2.87130599655211
3.17310226336122	2.85638236720115
3.17807889729738	2.8762805396691
3.17310226336122	2.86135691031814
3.17807889729738	2.86633145343512
3.18305553123355	2.82653510849923
3.17807889729738	2.80663693603128
3.18305553123355	2.79668784979731
3.17807889729738	2.82653510849923
3.18305553123355	2.81658602226526
3.18803216516972	2.82653510849923
3.18305553123355	2.84643328096718
3.18803216516972	2.86633145343512
3.18305553123355	2.8762805396691
3.18803216516972	2.86633145343512
3.18305553123355	2.8762805396691
3.18803216516972	2.86633145343512
3.19300879910588	2.86135691031814
3.18803216516972	2.86633145343512
3.19300879910588	2.84643328096718
3.19798543304205	2.85638236720115
3.19300879910588	2.86633145343512
3.19798543304205	2.84643328096718
3.20296206697822	2.8364841947332
3.20793870091438	2.8364841947332
3.21291533485055	2.87130599655211
3.21789196878672	2.88622962590307
3.21291533485055	2.88622962590307
3.21789196878672	2.86135691031814
3.22286860272288	2.88125508278608
3.22784523665905	2.88125508278608
3.23282187059522	2.87130599655211
3.23779850453138	2.84643328096718
3.24277513846755	2.82156056538224
3.24775177240372	2.84643328096718
3.24277513846755	2.85638236720115
3.24775177240372	2.85638236720115
3.24277513846755	2.84145873785019
3.24775177240372	2.85140782408416
3.24277513846755	2.85140782408416
3.24775177240372	2.86633145343512
3.25272840633988	2.8762805396691
3.25770504027605	2.85638236720115
3.26268167421222	2.8364841947332
3.26765830814838	2.78673876356333
3.27263494208455	2.77181513421237
3.26765830814838	2.75689150486141
3.27263494208455	2.78176422044635
3.27761157602072	2.77181513421237
3.28258820995688	2.78673876356333
3.27761157602072	2.82156056538224
3.28258820995688	2.82653510849923
3.27761157602072	2.81658602226526
3.28258820995688	2.82156056538224
3.27761157602072	2.82653510849923
3.28258820995688	2.8364841947332
3.27761157602072	2.86135691031814
3.28258820995688	2.86135691031814
3.27761157602072	2.86633145343512
3.28258820995688	2.87130599655211
3.28756484389305	2.8762805396691
3.29254147782922	2.82653510849923
3.29751811176538	2.82653510849923
3.30249474570155	2.82156056538224
3.30747137963772	2.84643328096718
3.30249474570155	2.8364841947332
3.30747137963772	2.81161147914827
3.31244801357388	2.8364841947332
3.30747137963772	2.84643328096718
3.31244801357388	2.82653510849923
3.30747137963772	2.80663693603128
3.31244801357388	2.78176422044635
3.31742464751005	2.78176422044635
3.31244801357388	2.78176422044635
3.31742464751005	2.7618660479784
3.31244801357388	2.77678967732936
3.31742464751005	2.77181513421237
3.32240128144622	2.80663693603128
3.32737791538239	2.8364841947332
3.33235454931855	2.81161147914827
3.32737791538239	2.82156056538224
3.33235454931855	2.82156056538224
3.33733118325472	2.81658602226526
3.34230781719089	2.88125508278608
3.34728445112705	2.86135691031814
3.34230781719089	2.86135691031814
3.34728445112705	2.84643328096718
3.34230781719089	2.85638236720115
3.34728445112705	2.8762805396691
3.34230781719089	2.87130599655211
3.34728445112705	2.86633145343512
3.34230781719089	2.86135691031814
3.34728445112705	2.85140782408416
3.34230781719089	2.86633145343512
3.34728445112705	2.8762805396691
3.34230781719089	2.87130599655211
3.34728445112705	2.85638236720115
3.34230781719089	2.85140782408416
3.34728445112705	2.86135691031814
3.34230781719089	2.86633145343512
3.34728445112705	2.88125508278608
3.34230781719089	2.86135691031814
3.35226108506322	2.88125508278608
3.34728445112705	2.8762805396691
3.35226108506322	2.8762805396691
3.35723771899939	2.85140782408416
3.36221435293555	2.85638236720115
3.36719098687172	2.85638236720115
3.36221435293555	2.84643328096718
3.36719098687172	2.85638236720115
3.36221435293555	2.83150965161622
3.36719098687172	2.8364841947332
3.37216762080789	2.84145873785019
3.36719098687172	2.8364841947332
3.37216762080789	2.82653510849923
3.37714425474405	2.86135691031814
3.38212088868022	2.89617871213704
3.38709752261639	2.89120416902006
3.39207415655255	2.86135691031814
3.38709752261639	2.85638236720115
3.39705079048872	2.86633145343512
3.40202742442489	2.8364841947332
3.40700405836105	2.81658602226526
3.40202742442489	2.82653510849923
3.40700405836105	2.8364841947332
3.41198069229722	2.81658602226526
3.41695732623339	2.83150965161622
3.41198069229722	2.81658602226526
3.41695732623339	2.83150965161622
3.42193396016955	2.82653510849923
3.42691059410572	2.8364841947332
3.42193396016955	2.86135691031814
3.42691059410572	2.85638236720115
3.43188722804189	2.84145873785019
3.44184049591422	2.84145873785019
3.43188722804189	2.84145873785019
3.43686386197805	2.83150965161622
3.44184049591422	2.84145873785019
3.44681712985039	2.86135691031814
3.45179376378655	2.89120416902006
3.44681712985039	2.86135691031814
3.45179376378655	2.85638236720115
3.45677039772272	2.81161147914827
3.46174703165889	2.81161147914827
3.46672366559505	2.83150965161622
3.46174703165889	2.82653510849923
3.46672366559505	2.85140782408416
3.46174703165889	2.86135691031814
3.46672366559505	2.85638236720115
3.46174703165889	2.84643328096718
3.46672366559505	2.85140782408416
3.47170029953122	2.82156056538224
3.47667693346739	2.8364841947332
3.47170029953122	2.81658602226526
3.47667693346739	2.8016623929143
3.48165356740355	2.8016623929143
3.47667693346739	2.80663693603128
3.48165356740355	2.83150965161622
3.48663020133972	2.82653510849923
3.48165356740355	2.83150965161622
3.48663020133972	2.84145873785019
3.48165356740355	2.84145873785019
3.49160683527589	2.84145873785019
3.48165356740355	2.84145873785019
3.48663020133972	2.8364841947332
3.48165356740355	2.84643328096718
3.48663020133972	2.85638236720115
3.49160683527589	2.85638236720115
3.48663020133972	2.86135691031814
3.49160683527589	2.84145873785019
3.49658346921206	2.86135691031814
3.50156010314822	2.88622962590307
3.50653673708439	2.89120416902006
3.51151337102056	2.86633145343512
3.51649000495672	2.85140782408416
3.52146663889289	2.82156056538224
3.52644327282906	2.79668784979731
3.52146663889289	2.81658602226526
3.52644327282906	2.83150965161622
3.52146663889289	2.85638236720115
3.52644327282906	2.84643328096718
3.52146663889289	2.87130599655211
3.52644327282906	2.86633145343512
3.53141990676522	2.86135691031814
3.52644327282906	2.85638236720115
3.53141990676522	2.85140782408416
3.53639654070139	2.84643328096718
3.54137317463756	2.86135691031814
3.53639654070139	2.85638236720115
3.54137317463756	2.88125508278608
3.54634980857372	2.88125508278608
3.54137317463756	2.89617871213704
3.54634980857372	2.87130599655211
3.54137317463756	2.84643328096718
3.54634980857372	2.8364841947332
3.55132644250989	2.82156056538224
3.54634980857372	2.83150965161622
3.55132644250989	2.84145873785019
3.54634980857372	2.85638236720115
3.55132644250989	2.84145873785019
3.54634980857372	2.85140782408416
3.55132644250989	2.85140782408416
3.55630307644606	2.82156056538224
3.55132644250989	2.82653510849923
3.55630307644606	2.81161147914827
3.56127971038222	2.84145873785019
3.55630307644606	2.85638236720115
3.56625634431839	2.85140782408416
3.57123297825456	2.85638236720115
3.57620961219072	2.86135691031814
3.58118624612689	2.87130599655211
3.57620961219072	2.8364841947332
3.58118624612689	2.8364841947332
3.58616288006306	2.79171330668032
3.59113951399922	2.8016623929143
3.59611614793539	2.82156056538224
3.59113951399922	2.82156056538224
3.59611614793539	2.80663693603128
3.60109278187156	2.8016623929143
3.60606941580772	2.84145873785019
3.61104604974389	2.82156056538224
3.61602268368006	2.82156056538224
3.62099931761622	2.81658602226526
3.62597595155239	2.79171330668032
3.62099931761622	2.8016623929143
3.62597595155239	2.81161147914827
3.63095258548856	2.85140782408416
3.62597595155239	2.84145873785019
3.63095258548856	2.84643328096718
3.63592921942472	2.85140782408416
3.64090585336089	2.81658602226526
3.64588248729706	2.79171330668032
3.65085912123322	2.79171330668032
3.65583575516939	2.78176422044635
3.66081238910556	2.8016623929143
3.66578902304173	2.80663693603128
3.66081238910556	2.81658602226526
3.66578902304173	2.82653510849923
3.67076565697789	2.82653510849923
3.67574229091406	2.82653510849923
3.68071892485023	2.85140782408416
3.68569555878639	2.85638236720115
3.68071892485023	2.85140782408416
3.68569555878639	2.84145873785019
3.69067219272256	2.84643328096718
3.69564882665873	2.80663693603128
3.70062546059489	2.79668784979731
3.70560209453106	2.80663693603128
3.71057872846723	2.79171330668032
3.70560209453106	2.81658602226526
3.71057872846723	2.79668784979731
3.71555536240339	2.82156056538224
3.72053199633956	2.81161147914827
3.72550863027573	2.83150965161622
3.73048526421189	2.83150965161622
3.72550863027573	2.84643328096718
3.73048526421189	2.82156056538224
3.73546189814806	2.8364841947332
3.73048526421189	2.82653510849923
3.73546189814806	2.84145873785019
3.74043853208423	2.84643328096718
3.74541516602039	2.86135691031814
3.75039179995656	2.8762805396691
3.74541516602039	2.85638236720115
3.75039179995656	2.87130599655211
3.75536843389273	2.86633145343512
3.76034506782889	2.88622962590307
3.76532170176506	2.89617871213704
3.76034506782889	2.88125508278608
3.77029833570123	2.89617871213704
3.77527496963739	2.86633145343512
3.78025160357356	2.84145873785019
3.77527496963739	2.82156056538224
3.78025160357356	2.82156056538224
3.78522823750973	2.82653510849923
3.79020487144589	2.81658602226526
3.79518150538206	2.85638236720115
3.80015813931823	2.84643328096718
3.80513477325439	2.8762805396691
3.81011140719056	2.88125508278608
3.81508804112673	2.911102341488
3.82006467506289	2.90115325525403
3.82504130899906	2.89617871213704
3.83001794293523	2.92105142772198
3.82504130899906	2.90612779837102
3.83001794293523	2.90612779837102
3.82504130899906	2.90115325525403
3.83001794293523	2.88622962590307
3.8349945768714	2.87130599655211
3.83997121080756	2.84643328096718
3.8349945768714	2.83150965161622
3.83997121080756	2.85140782408416
3.84494784474373	2.84643328096718
3.8499244786799	2.84145873785019
3.85490111261606	2.84145873785019
3.85987774655223	2.88622962590307
3.8648543804884	2.88125508278608
3.86983101442456	2.87130599655211
3.87480764836073	2.8762805396691
3.88476091623306	2.87130599655211
3.8797842822969	2.86633145343512
3.88476091623306	2.84643328096718
3.8797842822969	2.78673876356333
3.88973755016923	2.8016623929143
3.8947141841054	2.82653510849923
3.89969081804156	2.89617871213704
3.90466745197773	2.90115325525403
3.9096440859139	2.94094960018992
3.91462071985006	2.94094960018992
3.9096440859139	2.94094960018992
3.91462071985006	2.93100051395595
3.9096440859139	2.94094960018992
3.91462071985006	2.90115325525403
3.91959735378623	2.90115325525403
3.9245739877224	2.91607688460499
3.91959735378623	2.91607688460499
3.9245739877224	2.93597505707294
3.92955062165856	2.93100051395595
3.9245739877224	2.88622962590307
3.92955062165856	2.86135691031814
3.9245739877224	2.86135691031814
3.92955062165856	2.86633145343512
3.93452725559473	2.85140782408416
3.92955062165856	2.86135691031814
3.93452725559473	2.85140782408416
3.92955062165856	2.85140782408416
3.93452725559473	2.84643328096718
3.9395038895309	2.85140782408416
3.94448052346706	2.85140782408416
3.94945715740323	2.85140782408416
3.9544337913394	2.8364841947332
3.95941042527556	2.81161147914827
3.96438705921173	2.79171330668032
3.9693636931479	2.80663693603128
3.96438705921173	2.81658602226526
3.9693636931479	2.82653510849923
3.96438705921173	2.81658602226526
3.9693636931479	2.82156056538224
3.97434032708406	2.82156056538224
3.9693636931479	2.80663693603128
3.97434032708406	2.81161147914827
3.97931696102023	2.8016623929143
3.97434032708406	2.78673876356333
3.97931696102023	2.78176422044635
3.9842935949564	2.79668784979731
3.98927022889256	2.81658602226526
3.99424686282873	2.82156056538224
3.9992234967649	2.82156056538224
4.00420013070107	2.81658602226526
4.00917676463723	2.81161147914827
4.0141533985734	2.82156056538224
4.00917676463723	2.82156056538224
4.0141533985734	2.84145873785019
4.01913003250957	2.8364841947332
4.0141533985734	2.84643328096718
4.00917676463723	2.83150965161622
4.01913003250957	2.85140782408416
4.02410666644573	2.87130599655211
4.0290833003819	2.85140782408416
4.03405993431807	2.8364841947332
4.03903656825423	2.82653510849923
4.0440132021904	2.81161147914827
4.04898983612657	2.82156056538224
4.05396647006273	2.82156056538224
4.0589431039989	2.80663693603128
4.05396647006273	2.82653510849923
4.0589431039989	2.81161147914827
4.06391973793507	2.81658602226526
4.06889637187123	2.82156056538224
4.06391973793507	2.80663693603128
4.06889637187123	2.82653510849923
4.0738730058074	2.81161147914827
4.07884963974357	2.80663693603128
4.08382627367973	2.79171330668032
4.0888029076159	2.82653510849923
4.09377954155207	2.82653510849923
4.09875617548823	2.84145873785019
4.09377954155207	2.81658602226526
4.09875617548823	2.79668784979731
4.09377954155207	2.80663693603128
4.09875617548823	2.78176422044635
4.1037328094244	2.78176422044635
4.09875617548823	2.77181513421237
4.1037328094244	2.8016623929143
4.10870944336057	2.86135691031814
4.11368607729673	2.85638236720115
4.1186627112329	2.88622962590307
4.11368607729673	2.88125508278608
4.1186627112329	2.88125508278608
4.12363934516907	2.85638236720115
4.12861597910523	2.8364841947332
4.1335926130414	2.83150965161622
4.12861597910523	2.81658602226526
4.1335926130414	2.8364841947332
4.12861597910523	2.82156056538224
4.13856924697757	2.82653510849923
4.1335926130414	2.83150965161622
4.13856924697757	2.81161147914827
4.14354588091373	2.82653510849923
4.1485225148499	2.84643328096718
4.14354588091373	2.88125508278608
4.1485225148499	2.8762805396691
4.15349914878607	2.90115325525403
4.1485225148499	2.89120416902006
4.15349914878607	2.87130599655211
4.15847578272223	2.89120416902006
4.1634524166584	2.88125508278608
4.16842905059457	2.85140782408416
4.17340568453074	2.84145873785019
4.16842905059457	2.8364841947332
4.17340568453074	2.8364841947332
4.16842905059457	2.84145873785019
4.17340568453074	2.84145873785019
4.1783823184669	2.83150965161622
4.18335895240307	2.82653510849923
4.18833558633924	2.82653510849923
4.18335895240307	2.84643328096718
4.18833558633924	2.84643328096718
4.1933122202754	2.84145873785019
4.18833558633924	2.86135691031814
4.19828885421157	2.8762805396691
4.20326548814774	2.89120416902006
4.2082421220839	2.88622962590307
4.21321875602007	2.86633145343512
4.21819538995624	2.86135691031814
4.21321875602007	2.84145873785019
4.21819538995624	2.84145873785019
4.2231720238924	2.82653510849923
4.22814865782857	2.83150965161622
4.2231720238924	2.8364841947332
4.22814865782857	2.81161147914827
4.23312529176474	2.81658602226526
4.22814865782857	2.8364841947332
4.23312529176474	2.84145873785019
4.22814865782857	2.8364841947332
4.23312529176474	2.8364841947332
4.22814865782857	2.83150965161622
4.23312529176474	2.8364841947332
4.22814865782857	2.82653510849923
4.23312529176474	2.82156056538224
4.2381019257009	2.8016623929143
4.24307855963707	2.80663693603128
4.2381019257009	2.82653510849923
4.24307855963707	2.82156056538224
4.2381019257009	2.81658602226526
4.24307855963707	2.79171330668032
4.24805519357324	2.79171330668032
4.2530318275094	2.79668784979731
4.24805519357324	2.8016623929143
4.2530318275094	2.82156056538224
4.25800846144557	2.84145873785019
4.2530318275094	2.82653510849923
4.25800846144557	2.84643328096718
4.26298509538174	2.84643328096718
4.2679617293179	2.83150965161622
4.27293836325407	2.86135691031814
4.27791499719024	2.85638236720115
4.2828916311264	2.86633145343512
4.28786826506257	2.85638236720115
4.29284489899874	2.8364841947332
4.28786826506257	2.84145873785019
4.29284489899874	2.84145873785019
4.2978215329349	2.85638236720115
4.29284489899874	2.84145873785019
4.2978215329349	2.85638236720115
4.30279816687107	2.84145873785019
4.30777480080724	2.85638236720115
4.3127514347434	2.89120416902006
4.30777480080724	2.88125508278608
4.3127514347434	2.88622962590307
4.31772806867957	2.89617871213704
4.3127514347434	2.90115325525403
4.31772806867957	2.91607688460499
4.3127514347434	2.89617871213704
4.31772806867957	2.90612779837102
4.32270470261574	2.84643328096718
4.3276813365519	2.81658602226526
4.33265797048807	2.83150965161622
4.33763460442424	2.84643328096718
4.33265797048807	2.84643328096718
4.33763460442424	2.86633145343512
4.3426112383604	2.88125508278608
4.33763460442424	2.87130599655211
4.3426112383604	2.88125508278608
4.34758787229657	2.87130599655211
4.35256450623274	2.90115325525403
4.34758787229657	2.911102341488
4.35256450623274	2.92105142772198
4.34758787229657	2.90612779837102
4.35256450623274	2.92105142772198
4.35754114016891	2.94094960018992
4.36251777410507	2.9508986864239
4.35754114016891	2.94592414330691
4.36251777410507	2.94094960018992
4.36749440804124	2.92105142772198
4.37247104197741	2.93100051395595
4.37744767591357	2.96084777265787
4.38242430984974	2.95587322954088
4.38740094378591	2.94094960018992
4.39237757772207	3.00064411759377
4.38740094378591	3.01556774694473
4.39237757772207	3.01059320382774
4.39735421165824	3.00064411759377
4.40233084559441	3.01059320382774
4.39735421165824	3.04541500564665
4.40730747953057	3.05536409188062
4.41228411346674	3.07028772123158
4.41726074740291	3.07526226434857
4.42223738133907	3.08023680746555
4.42721401527524	3.07526226434857
4.43219064921141	3.08521135058254
4.42721401527524	3.08023680746555
4.43219064921141	3.1001349799335
4.43716728314757	3.09018589369953
4.44214391708374	3.08023680746555
4.44712055101991	3.09018589369953
4.44214391708374	3.07028772123158
4.44712055101991	3.09018589369953
4.44214391708374	3.07526226434857
4.44712055101991	3.09018589369953
4.45209718495607	3.07028772123158
4.45707381889224	3.09516043681651
4.46205045282841	3.09018589369953
4.45707381889224	3.08023680746555
4.46205045282841	3.08023680746555
4.46702708676457	3.12998223863542
4.46205045282841	3.14988041110337
4.46702708676457	3.15982949733734
4.46205045282841	3.16977858357131
4.46702708676457	3.1747531266883
4.47200372070074	3.15485495422035
4.46702708676457	3.14988041110337
4.47200372070074	3.14988041110337
4.47698035463691	3.15982949733734
4.48195698857307	3.16480404045433
4.48693362250924	3.18470221292228
4.49191025644541	3.20957492850721
4.48693362250924	3.20460038539022
4.49191025644541	3.2145494716242
4.49688689038157	3.19465129915625
4.49191025644541	3.19962584227324
4.49688689038157	3.20460038539022
4.50186352431774	3.21952401474118
4.50684015825391	3.24439673032612
4.50186352431774	3.22947310097516
4.50684015825391	3.23444764409214
4.51181679219007	3.25932035967708
4.51679342612624	3.26429490279406
4.51181679219007	3.27921853214502
4.51679342612624	3.27424398902804
4.52177006006241	3.31404033396393
4.52674669399858	3.3239894201979
4.53172332793474	3.33891304954886
4.53669996187091	3.36876030825078
4.54167659580708	3.37373485136777
4.54665322974324	3.40358211006969
4.54167659580708	3.39860756695271
4.54665322974324	3.38368393760175
4.55162986367941	3.39363302383572
4.55660649761558	3.39363302383572
4.56158313155174	3.42845482565463
4.55660649761558	3.47322571370751
4.56158313155174	3.45830208435655
4.56655976548791	3.49312388617545
4.57153639942408	3.49312388617545
4.57651303336024	3.52297114487737
4.57153639942408	3.52794568799436
4.57651303336024	3.55281840357929
4.58148966729641	3.54286931734532
4.57651303336024	3.55281840357929
4.58148966729641	3.54286931734532
4.58646630123258	3.51799660176039
4.59144293516874	3.54784386046231
4.58646630123258	3.54784386046231
4.59144293516874	3.52794568799436
4.59641956910491	3.57271657604724
4.60139620304108	3.59758929163218
4.59641956910491	3.61251292098314
4.60139620304108	3.63241109345108
4.60637283697724	3.65230926591903
4.61134947091341	3.6274365503341
4.60637283697724	3.66723289526999
4.61134947091341	3.65230926591903
4.61632610484958	3.68215652462095
4.62130273878574	3.69210561085492
4.61632610484958	3.65728380903602
4.62130273878574	3.7020546970889
4.61632610484958	3.70702924020588
4.62130273878574	3.67220743838698
4.61134947091341	3.67220743838698
4.62130273878574	3.69210561085492
4.62627937272191	3.67718198150396
4.62130273878574	3.68215652462095
4.62627937272191	3.71697832643986
4.63125600665808	3.75180012825876
4.62627937272191	3.74185104202479
4.63125600665808	3.74185104202479
4.63623264059424	3.76672375760973
4.63125600665808	3.75180012825876
4.63623264059424	3.79657101631165
4.64120927453041	3.78662193007767
4.64618590846658	3.80154555942863
4.64120927453041	3.83139281813055
4.64618590846658	3.82641827501357
4.65116254240274	3.84631644748151
4.64120927453041	3.82144373189658
4.64618590846658	3.8512909905985
4.65116254240274	3.83139281813055
4.65613917633891	3.87118916306645
4.66111581027508	3.89606187865138
4.66609244421124	3.90601096488535
4.66111581027508	3.91596005111933
4.66609244421124	3.9259091373533
4.66111581027508	3.91596005111933
4.66609244421124	3.90103642176837
4.67106907814741	3.91098550800234
4.67604571208358	3.94083276670426
4.67106907814741	3.9259091373533
4.67604571208358	3.95575639605522
4.67106907814741	3.94580730982125
4.67604571208358	3.94580730982125
4.68102234601974	3.9657054822892
4.67604571208358	3.95575639605522
4.68599897995591	3.98062911164016
4.68102234601974	3.98062911164016
4.68599897995591	4.0005272841081
4.68102234601974	3.99555274099112
4.68599897995591	4.02042545657605
4.69097561389208	4.04529817216098
4.68599897995591	4.01545091345906
4.69097561389208	4.05524725839496
4.69595224782825	4.0751454308629
4.69097561389208	4.040323629044
4.69595224782825	4.06519634462893
4.70092888176441	4.06022180151194
4.70590551570058	4.09504360333085
4.71088214963675	4.17961083631963
4.71585878357291	4.1895599225536
4.72083541750908	4.25422898307443
4.71585878357291	4.26915261242539
4.72083541750908	4.29402532801032
4.72581205144525	4.28905078489333
4.73078868538141	4.27910169865936
4.72581205144525	4.29402532801032
4.73078868538141	4.27910169865936
4.72581205144525	4.28407624177635
4.73078868538141	4.2641780693084
4.73576531931758	4.31889804359525
4.74074195325375	4.31392350047827
4.73576531931758	4.35371984541416
4.74074195325375	4.31392350047827
4.73576531931758	4.33382167294621
4.74074195325375	4.32884712982923
4.73576531931758	4.28407624177635
4.74074195325375	4.25920352619141
4.74571858718991	4.27412715554237
4.73576531931758	4.24925443995744
4.74074195325375	4.28407624177635
4.74571858718991	4.25422898307443
4.74074195325375	4.24427989684045
4.74571858718991	4.22935626748949
4.74074195325375	4.23433081060648
4.74571858718991	4.23433081060648
4.74074195325375	4.20945809502155
4.75069522112608	4.23433081060648
4.74074195325375	4.22935626748949
4.74571858718991	4.22438172437251
4.74074195325375	4.22935626748949
4.74571858718991	4.20945809502155
4.74074195325375	4.1895599225536
4.74571858718991	4.22438172437251
4.75069522112608	4.22438172437251
4.74571858718991	4.23930535372347
4.75069522112608	4.26915261242539
4.75567185506225	4.26915261242539
4.76064848899841	4.34874530229717
4.76562512293458	4.39351619035006
4.76064848899841	4.38854164723307
4.76562512293458	4.43331253528595
4.77060175687075	4.41838890593499
4.77557839080691	4.4532107077539
4.77060175687075	4.43828707840294
4.76562512293458	4.44823616463691
4.77557839080691	4.4532107077539
4.77060175687075	4.43828707840294
4.76562512293458	4.43331253528595
4.77557839080691	4.4532107077539
4.78055502474308	4.49300705268979
4.78553165867925	4.5278288545087
4.79050829261541	4.54772702697664
4.78553165867925	4.58254882879555
4.79050829261541	4.59747245814651
4.79548492655158	4.58752337191254
4.79050829261541	4.61239608749747
4.79548492655158	4.62234517373145
4.80046156048775	4.64224334619939
4.79548492655158	4.62731971684843
4.80046156048775	4.68203969113529
4.80543819442391	4.65716697555035
4.80046156048775	4.70691240672022
4.80543819442391	4.70193786360323
4.80046156048775	4.68203969113529
4.80543819442391	4.69198877736926
4.80046156048775	4.68203969113529
4.81041482836008	4.65716697555035
4.80543819442391	4.69198877736926
4.81041482836008	4.71188694983721
4.81539146229625	4.72183603607118
4.81041482836008	4.71686149295419
4.81539146229625	4.70691240672022
4.82036809623241	4.7516832947731
4.82534473016858	4.71188694983721
4.83032136410475	4.70193786360323
4.82534473016858	4.6770651480183
4.83032136410475	4.72681057918817
4.82534473016858	4.72681057918817
4.83032136410475	4.70193786360323
4.83529799804091	4.69696332048625
4.83032136410475	4.68701423425227
4.83529799804091	4.66711606178433
4.83032136410475	4.66711606178433
4.83529799804091	4.68701423425227
4.84027463197708	4.65716697555035
4.84525126591325	4.59747245814651
4.85022789984941	4.59747245814651
4.85520453378558	4.51290522515774
4.86018116772175	4.54275248385966
4.86515780165792	4.54772702697664
4.87013443559408	4.52285431139171
4.86515780165792	4.5278288545087
4.87013443559408	4.51290522515774
4.86515780165792	4.52285431139171
4.87013443559408	4.51787976827472
4.87511106953025	4.49798159580678
4.88008770346642	4.49300705268979
4.88506433740258	4.47310888022184
4.89004097133875	4.46813433710486
4.89501760527492	4.45818525087088
4.89999423921108	4.45818525087088
4.90497087314725	4.44326162151992
4.89999423921108	4.44823616463691
4.90497087314725	4.4532107077539
4.89999423921108	4.44326162151992
4.90994750708342	4.4880325095728
4.91492414101958	4.46315979398787
4.90994750708342	4.47310888022184
4.91990077495575	4.48305796645582
4.91492414101958	4.46813433710486
4.91990077495575	4.45818525087088
4.91492414101958	4.47808342333883
4.91990077495575	4.44326162151992
4.92487740889192	4.46315979398787
4.91990077495575	4.45818525087088
4.92487740889192	4.46813433710486
4.92985404282808	4.47808342333883
4.92487740889192	4.48305796645582
4.92985404282808	4.46813433710486
4.93483067676425	4.48305796645582
4.93980731070042	4.47808342333883
4.94478394463658	4.46315979398787
4.93980731070042	4.45818525087088
4.94478394463658	4.44326162151992
4.93980731070042	4.43828707840294
4.94478394463658	4.44326162151992
4.93483067676425	4.44823616463691
4.93980731070042	4.45818525087088
4.93483067676425	4.44823616463691
4.93980731070042	4.46315979398787
4.94478394463658	4.46315979398787
4.93980731070042	4.46315979398787
4.94478394463658	4.4880325095728
4.93980731070042	4.49300705268979
4.93483067676425	4.43828707840294
4.93980731070042	4.44326162151992
4.94478394463658	4.44326162151992
4.93980731070042	4.44823616463691
4.94478394463658	4.47310888022184
4.93980731070042	4.46315979398787
4.93483067676425	4.46813433710486
4.93980731070042	4.49300705268979
4.94478394463658	4.47310888022184
4.93980731070042	4.46813433710486
4.93483067676425	4.47808342333883
4.93980731070042	4.4532107077539
4.94478394463658	4.46315979398787
4.93483067676425	4.43331253528595
4.93980731070042	4.43331253528595
4.94478394463658	4.46813433710486
4.93980731070042	4.47310888022184
4.93483067676425	4.46813433710486
4.93980731070042	4.46813433710486
4.94478394463658	4.47808342333883
4.93980731070042	4.49300705268979
4.93483067676425	4.47310888022184
4.93980731070042	4.47808342333883
4.93483067676425	4.47310888022184
4.93980731070042	4.43828707840294
4.94478394463658	4.44326162151992
4.93980731070042	4.4532107077539
4.94478394463658	4.48305796645582
4.93980731070042	4.49300705268979
4.93483067676425	4.4532107077539
4.93980731070042	4.44326162151992
4.94478394463658	4.47310888022184
4.93980731070042	4.44823616463691
4.94478394463658	4.4880325095728
4.93980731070042	4.47808342333883
4.93483067676425	4.47310888022184
4.93980731070042	4.45818525087088
4.94478394463658	4.46315979398787
4.93980731070042	4.49300705268979
4.93483067676425	4.43331253528595
4.93980731070042	4.44823616463691
4.94478394463658	4.45818525087088
4.93980731070042	4.46813433710486
4.93483067676425	4.43828707840294
4.93980731070042	4.44823616463691
4.93483067676425	4.46813433710486
4.93980731070042	4.49300705268979
4.93483067676425	4.43331253528595
4.93980731070042	4.44823616463691
4.94478394463658	4.45818525087088
4.93980731070042	4.46813433710486
4.94478394463658	4.47808342333883
4.93980731070042	4.4880325095728
4.93483067676425	4.4532107077539
4.93980731070042	4.47310888022184
4.93483067676425	4.47808342333883
4.94478394463658	4.47310888022184
4.93980731070042	4.49300705268979
4.93483067676425	4.42833799216896
4.93980731070042	4.4532107077539
4.94478394463658	4.47808342333883
4.93980731070042	4.4532107077539
4.93483067676425	4.43331253528595
4.94478394463658	4.44823616463691
4.93980731070042	4.4532107077539
4.94976057857275	4.48305796645582
4.93980731070042	4.46813433710486
4.94478394463658	4.47808342333883
4.93980731070042	4.47310888022184
4.93483067676425	4.43331253528595
4.93980731070042	4.44326162151992
4.94976057857275	4.44823616463691
4.93980731070042	4.4532107077539
4.94478394463658	4.47808342333883
4.93980731070042	4.48305796645582
4.93483067676425	4.43331253528595
4.93980731070042	4.44823616463691
4.94478394463658	4.48305796645582
4.93980731070042	4.48305796645582
4.93483067676425	4.43331253528595
4.93980731070042	4.4532107077539
4.94478394463658	4.44823616463691
4.93980731070042	4.46813433710486
4.94478394463658	4.44823616463691
4.93980731070042	4.4532107077539
4.93483067676425	4.43331253528595
4.94478394463658	4.4532107077539
4.93980731070042	4.46813433710486
4.93483067676425	4.48305796645582
4.93980731070042	4.44823616463691
4.94478394463658	4.47310888022184
4.93483067676425	4.4532107077539
4.93980731070042	4.47310888022184
4.94478394463658	4.4532107077539
4.93483067676425	4.46315979398787
4.93980731070042	4.49300705268979
4.94478394463658	4.44823616463691
4.93980731070042	4.46813433710486
4.94478394463658	4.50295613892376
4.93980731070042	4.47310888022184
4.93483067676425	4.4532107077539
4.93980731070042	4.45818525087088
4.94478394463658	4.46813433710486
4.93980731070042	4.49300705268979
4.93483067676425	4.4880325095728
4.94478394463658	4.4532107077539
4.93980731070042	4.46813433710486
4.93483067676425	4.48305796645582
4.93980731070042	4.49798159580678
4.93483067676425	4.49300705268979
4.93980731070042	4.44823616463691
4.94478394463658	4.50295613892376
4.93980731070042	4.50295613892376
