E	i
1.64029901102185	0.135307282209396
1.65522891283035	0.185052713379264
1.67015881463885	0.339263550005853
1.68508871644735	0.423830782994628
1.70001861825585	0.54321981780231
1.71494852006435	0.682507025077939
1.72987842187285	0.811845146119595
1.74480832368135	0.896412379108369
1.75973822548985	1.04564867261797
1.77466812729836	1.05559775885195
1.78959802910686	1.21478313859552
1.80452793091536	1.21478313859552
1.81945783272386	1.2595540266484
1.83438773453236	1.2993503715843
1.84931763634086	1.42371394950897
1.86424753814936	1.39884123392403
1.87917743995786	1.5232048118487
1.89410734176636	1.57295024301857
1.90903724357486	1.57792478613555
1.92396714538336	1.60777204483747
1.93889704719186	1.66746656224132
1.95382694900036	1.71721199341118
1.96875685080886	1.77690651081502
1.98368675261736	1.80675376951694
1.99861665442586	1.87142283003777
2.01354655623436	1.90624463185668
2.02847645804286	1.92116826120764
2.04340635985136	2.0107100373134
2.05833626165986	1.96096460614353
2.07326616346836	2.00076095107943
2.08819606527686	2.00076095107943
2.10312596708536	2.00573549419641
2.11805586889386	2.06045546848327
2.13298577070236	2.0107100373134
2.14791567251086	2.06045546848327
2.16284557431936	2.01568458043039
2.17777547612786	2.08035364095122
2.19270537793636	2.03060820978135
2.20763527974486	2.00076095107943
2.22256518155336	2.02563366666436
2.23749508336186	2.0107100373134
2.25242498517036	1.98583732172847
2.26735488697886	2.04553183913231
2.28228478878736	1.97091369237751
2.29721469059587	2.03060820978135
2.31214459240437	1.99578640796244
2.32707449421287	2.04055729601532
2.34200439602137	2.04055729601532
2.35693429782987	1.92116826120764
2.37684083357453	2.02065912354738
2.39177073538303	2.02065912354738
2.40670063719153	1.97588823549449
2.42163053900003	2.01568458043039
2.43656044080853	2.06543001160026
2.45149034261703	2.02563366666436
2.46642024442554	2.00076095107943
2.48135014623404	1.99081186484545
2.49628004804254	2.02563366666436
2.51120994985104	2.02563366666436
2.52613985165954	2.02065912354738
2.54106975346804	2.06045546848327
2.55599965527654	1.99578640796244
2.57092955708504	2.03558275289834
2.58585945889354	1.99081186484545
2.60078936070204	2.04055729601532
2.6206958964467	2.04055729601532
2.6057659946382	2.02065912354738
2.6206958964467	2.01568458043039
2.63562579825521	2.0853281840682
2.65055570006371	2.14004815835506
2.66548560187221	1.98583732172847
2.68041550368071	2.06045546848327
2.69534540548921	2.09030272718519
2.71027530729771	2.04055729601532
2.72520520910621	2.07537909783423
2.74013511091471	2.07040455471724
2.75506501272321	2.10025181341916
2.76999491453171	2.11517544277012
2.78492481634021	2.10025181341916
2.79985471814871	2.12014998588711
2.81478461995721	2.14999724458903
2.82971452176571	2.13009907212108
2.84464442357421	2.16492087393999
2.85957432538271	2.16492087393999
2.87450422719121	2.20969176199287
2.88943412899971	2.22958993446082
2.90436403080821	2.23456447757781
2.91929393261671	2.2743608225137
2.93422383442521	2.29425899498165
2.94915373623371	2.34400442615151
2.96408363804221	2.36887714173645
2.97901353985071	2.41364802978933
2.99394344165921	2.44846983160824
3.00887334346771	2.51811343524605
3.02380324527621	2.53303706459701
3.03873314708471	2.62257884070277
3.05863968282938	2.67729881498963
3.07356958463788	2.71212061680853
3.08849948644638	2.74694241862744
3.07356958463788	2.74196787551045
3.08849948644638	2.75689150486141
3.10342938825488	2.8016623929143
3.11835929006338	2.80663693603128
3.13328919187188	2.8762805396691
3.14821909368038	2.86135691031814
3.16314899548888	2.86135691031814
3.17807889729738	2.92602597083896
3.19300879910588	2.92105142772198
3.20793870091438	2.91607688460499
3.22286860272288	2.95587322954088
3.23779850453138	2.89617871213704
3.25272840633988	2.94592414330691
3.26765830814838	2.9508986864239
3.28258820995688	2.97577140200883
3.29751811176538	2.95587322954088
3.31244801357388	3.00064411759377
3.32737791538239	2.96084777265787
3.34230781719089	3.01556774694473
3.35723771899939	3.00561866071075
3.37216762080789	3.02054229006171
3.38709752261639	2.93100051395595
3.40202742442489	3.05038954876363
3.41695732623339	3.02054229006171
3.43188722804189	2.98572048824281
3.44681712985039	3.02054229006171
3.46174703165889	3.06033863499761
3.47667693346739	3.03049137629569
3.49160683527589	2.98074594512582
3.50653673708439	2.90115325525403
3.52146663889289	2.97577140200883
3.53639654070139	2.97577140200883
3.55132644250989	2.94094960018992
3.56625634431839	3.01059320382774
3.58616288006306	2.99566957447678
3.60109278187156	3.02054229006171
3.61602268368006	3.00561866071075
3.63095258548856	3.01556774694473
3.64588248729706	3.01059320382774
3.66081238910556	2.94592414330691
3.67574229091406	2.98074594512582
3.69067219272256	3.06033863499761
3.70560209453106	3.02054229006171
3.72053199633956	3.03049137629569
3.73546189814806	3.01556774694473
3.75039179995656	2.99069503135979
3.76532170176506	3.02054229006171
3.78025160357356	3.03049137629569
3.79518150538206	2.99566957447678
3.81011140719056	2.99566957447678
3.82504130899906	3.04044046252966
3.83997121080756	3.06033863499761
3.85490111261606	2.96084777265787
3.86983101442456	3.00064411759377
3.88476091623306	2.97079685889184
3.89969081804156	3.05536409188062
3.91462071985006	3.06531317811459
3.92955062165856	3.09516043681651
3.94448052346706	2.99566957447678
3.95941042527556	3.06033863499761
3.97434032708406	3.01556774694473
3.98927022889256	3.07028772123158
4.00420013070107	3.02054229006171
4.01913003250957	2.96582231577486
4.03405993431807	3.02054229006171
4.04898983612657	3.0255168331787
4.06391973793507	2.98572048824281
4.07884963974357	3.0255168331787
4.09377954155207	3.01556774694473
4.10870944336057	3.00561866071075
4.12363934516907	2.99069503135979
4.13856924697757	3.08521135058254
4.15349914878607	3.0255168331787
4.16842905059457	2.98074594512582
4.18335895240307	3.01059320382774
4.19828885421157	2.96084777265787
4.21321875602007	3.01059320382774
4.22814865782857	3.0255168331787
4.24307855963707	3.04541500564665
4.25800846144557	3.0255168331787
4.27293836325407	2.98074594512582
4.28786826506257	3.05536409188062
4.30279816687107	3.02054229006171
4.31772806867957	3.0255168331787
4.33265797048807	3.03049137629569
4.34758787229657	3.02054229006171
4.36251777410507	2.98572048824281
4.37744767591357	3.04044046252966
4.39237757772207	3.06033863499761
4.40730747953057	3.13495678175241
4.42223738133907	3.12500769551843
4.43716728314757	3.12500769551843
4.45209718495607	3.16977858357131
4.46702708676457	3.16480404045433
4.48195698857307	3.13993132486939
4.49688689038157	3.23444764409214
4.51181679219007	3.26429490279406
4.52674669399858	3.31901487708092
4.54167659580708	3.34388759266585
4.55660649761558	3.44835299812257
4.57153639942408	3.48814934305847
4.58646630123258	3.49809842929244
4.60139620304108	3.5130220586434
4.61632610484958	3.61748746410012
4.63125600665808	3.68713106773794
4.64618590846658	3.7020546970889
4.66111581027508	3.78164738696069
4.67604571208358	3.85626553371549
4.69097561389208	3.89108733553439
4.70590551570058	3.95575639605522
4.72083541750908	4.02539999969304
4.73576531931758	4.06022180151194
4.75069522112608	4.16468720696867
4.76562512293458	4.19453446567059
4.78055502474308	4.36366893164814
4.79548492655158	4.42336344905198
4.81041482836008	4.49798159580678
4.82534473016858	4.57757428567857
4.84027463197708	4.56762519944459
4.85520453378558	4.70193786360323
4.87013443559408	4.71188694983721
4.88506433740258	4.67209060490131
4.89999423921108	4.58254882879555
4.91492414101958	4.53777794074267
4.92985404282808	4.46813433710486
4.94478394463658	4.4532107077539
